53203
53429
42459
65048
29850
12417
3769
37784
15284
13563
9226
63931
487
40218
40284
48460
26319
49747
24968
45376
55235
8095
33867
44165
57428
61176
6327
62154
49956
6021
22694
10350
32693
29553
9096
63775
44502
48132
6936
18508
35535
53413
6741
47204
22584
15054
36230
5254
46659
45365
26751
5550
64532
24781
26086
41741
5627
7575
40546
64298
5123
35179
54353
47906
6422
13983
28495
61654
40028
53557
44507
59002
6584
11885
6583
8218
9134
37120
37047
47171
56939
33772
61110
28341
59954
63169
33200
64659
43040
6490
19866
43980
8384
10701
54798
29996
3316
39557
44835
40978
4393
51252
47192
49858
60741
52146
19342
12370
39696
45922
14744
7180
17859
50791
32183
42978
63895
4678
44058
32349
32389
56696
17617
44722
14210
10138
63411
5524
7240
56859
11656
25863
4256
6942
45858
45963
26224
42991
31379
40215
16541
7381
4358
20846
43361
41507
39941
12575
26771
22930
6787
49036
14921
26678
58331
658
50675
4217
17563
55959
18049
9468
60832
17799
61089
47399
10418
55143
50703
30434
24102
22925
42847
37560
3060
30881
40428
25751
30625
38775
45792
9177
60523
19450
7206
56731
32182
10715
10518
11415
65038
24273
31999
32346
3122
15431
32679
19110
56597
13424
5517
54213
21142
35695
60810
6461
15962
10795
5528
9896
40347
42711
15678
58844
37268
57372
36777
60193
46934
694
29220
11136
56494
44888
39817
19691
28086
20251
57056
58923
4753
45234
62631
62845
65135
26516
27602
30907
19231
22908
27425
5406
16021
38094
54799
20348
36147
15848
56173
60516
4975
51208
41060
41449
20192
6881
9677
36833
14684
60992
18757
46734
27474
58242
52259
25550
25792
30577
6597
54270
4353
12437
29124
55823
32848
46164
35565
39503
5654
6834
30290
20699
11070
47991
53252
55433
13365
14818
18901
36056
41241
7320
36280
4612
59410
16363
58765
11659
58471
51098
10027
53146
5246
25771
2616
42842
23608
12935
21318
35116
5070
42512
33212
49794
5204
63590
56822
27623
38357
44979
42883
23241
30385
57581
37404
33326
33734
6154
59374
8136
42072
32581
19031
51773
9921
33730
48296
25105
35562
23662
4088
39108
63709
10686
59593
36242
29534
61437
202
15660
56296
9393
23820
52734
3518
32821
28015
15664
60486
63855
14728
32270
60654
24778
17288
42497
51596
47960
55216
28398
64705
60863
24552
57647
63963
17019
42125
51504
48115
3622
54915
13304
3
63840
55407
17664
60094
211
38627
36795
55285
57988
50829
48011
60972
45864
5440
41662
53279
38911
37970
40905
24415
59546
51612
10367
8612
12786
42314
49440
7513
1940
26488
20783
15501
12941
60914
54925
48920
30424
43514
47141
30832
53482
44256
46404
29455
5253
29087
51549
48420
15879
48886
49665
12342
30289
47576
42579
49790
51605
57517
8311
40018
20672
40489
37587
47405
7791
45980
24712
12844
39240
16287
45692
35379
10462
19654
60746
466
46510
56508
26663
23961
39703
25950
19960
56340
20777
55093
63593
50247
28292
1284
23882
55782
15856
46107
10443
46130
13000
41386
63465
63322
8279
23616
30098
33096
30107
16038
18152
59707
32416
1023
8220
8377
4310
2470
46974
27562
14104
10940
51247
20380
46699
20862
58728
1837
19508
5041
31424
43263
41997
30737
14773
45320
27823
62184
8469
21227
697
44482
50136
47845
39937
51839
831
44265
6283
55863
57156
15643
58765
40321
41301
22021
7530
4958
35843
34328
4970
12039
32487
62322
13694
26865
64746
8372
63411
64857
40093
23608
52884
38894
49778
45705
62889
35411
17389
12699
24510
28359
9554
19074
7725
19259
31072
30494
21743
18490
47206
46906
24900
52171
57816
28753
49747
2069
58739
9210
3259
43303
10176
58839
21928
29265
15585
35402
3617
2806
62763
63042
56795
35409
40054
32122
13462
10720
26684
49857
43934
58675
54696
29845
64834
17433
32603
39602
65493
32613
22556
65178
19293
6608
23332
50335
46841
45844
35155
15355
52004
44188
23549
42548
25298
25103
57011
36783
42277
34365
4557
55345
3634
17198
33628
47458
38332
15442
44098
42598
63622
34921
20352
29066
29356
16342
6800
38727
45425
49192
6958
12140
42787
18570
20914
55703
7870
59763
698
63586
13490
54673
16514
57922
8540
12306
1860
63196
21982
19960
53553
5988
49214
43709
37376
7930
62838
17629
63486
8460
64065
49910
50493
21941
52169
18037
14139
23370
41599
41761
12887
26357
6485
23594
12518
61572
62633
9468
32771
38409
42157
10121
54903
22062
57682
16270
51375
47969
55183
3265
34735
16733
27721
57633
64742
45438
38262
26328
63866
43986
55653
30444
25060
19061
44075
10487
3634
11632
52833
8576
22734
9861
36106
41302
57567
49475
690
47634
63306
35717
21514
19375
9531
2180
36980
23097
40539
52295
65480
49746
42646
16703
31691
3277
43194
58917
9233
58924
8162
29068
36971
43997
32287
47689
20143
18270
57216
48003
18191
46338
54566
44934
52353
45379
43427
26960
65308
2683
45515
39097
31515
32252
5195
1050
31422
11484
47784
29445
55661
65237
10304
45977
13870
30265
54120
61051
38968
55339
27280
14232
58616
17686
34595
47849
33109
43169
37474
1983
6764
53895
45461
16870
43784
46275
5948
35149
58521
42063
605
52831
37610
39280
29695
54717
60274
10462
27075
8498
59934
14503
29494
16488
30720
4221
15008
6560
37614
11660
6533
42153
41412
25627
53626
26525
36332
5575
52042
35088
49839
12142
56545
13649
23359
59278
6855
20396
15429
53613
63395
21572
41665
23802
17500
65142
35550
43866
8554
49685
52225
13955
48819
42599
40471
62415
50895
18350
36197
47022
27869
4814
28644
59538
30212
36180
24558
19043
61639
13777
56793
30497
4490
15629
13152
42595
21634
47695
55952
47417
20142
46132
46286
13273
49481
16003
10064
20428
37294
21556
63448
41221
17216
65043
59480
48155
50638
47561
22792
52328
43338
7548
36971
21504
41913
316
65059
13840
26765
23545
53885
21389
62702
50549
28518
9171
2918
44123
33459
56198
50986
46819
25329
34195
7145
6260
37378
24941
12023
32386
63981
28657
43592
24070
39454
13086
11488
8346
23836
46331
34718
59220
49558
13610
34034
14823
56552
48060
3580
7375
6720
61563
56446
16716
30501
14523
54996
36987
65110
22761
15953
28492
60174
53961
4343
12032
23270
29646
14803
3030
21061
4290
16349
30092
18554
10939
11703
43575
35786
9732
3562
42730
52499
